
#x69814d78
FC-Player-RoyJenkins
year	population	numberOfCities	nationalTerritory	civFoodSurplusTotal	civProductionTotal	civGoldProduction	civBulbsPerTurn	currentGold	
-4000	0	0	0	0	0	0	0	50	
-3950	10000	1	37	2	1	1	1	51	
-3900	10000	1	37	2	1	1	1	52	
-3850	10000	1	37	2	1	1	1	53	
-3800	10000	1	37	2	1	1	1	54	
-3750	10000	1	37	2	1	1	1	55	
-3700	10000	1	37	2	1	1	1	56	
-3650	10000	1	37	2	1	1	1	57	
-3600	10000	1	37	2	1	1	1	58	
-3550	10000	1	37	2	1	1	1	59	
-3500	40000	2	53	5	2	2	2	61	
-3450	40000	2	53	5	2	2	2	63	
-3400	40000	2	53	5	2	2	2	65	
-3350	40000	2	53	5	2	2	3	67	
-3300	40000	2	53	5	2	2	3	69	
-3250	40000	2	53	5	2	2	3	71	
-3200	60000	2	53	4	4	2	3	73	
-3150	60000	2	53	4	4	2	3	75	
-3100	60000	2	53	4	4	2	3	77	
-3050	60000	2	53	4	4	2	3	79	
-3000	60000	2	53	4	4	2	3	81	
-2950	60000	2	53	4	4	2	3	83	
-2900	60000	2	53	4	4	2	3	85	
-2850	60000	2	53	4	4	2	3	87	
-2800	60000	2	53	4	4	2	3	89	
-2750	90000	2	58	4	4	3	3	92	
-2700	90000	2	58	4	4	3	3	95	
-2650	90000	2	58	4	4	3	3	98	
-2600	90000	2	58	4	4	3	3	101	
-2550	90000	2	58	4	4	3	3	104	
-2500	90000	2	58	4	4	3	3	107	
-2450	120000	2	59	3	6	3	3	110	
-2400	120000	2	59	3	6	3	3	113	
-2350	120000	2	59	3	6	3	3	116	
-2300	120000	2	59	3	6	3	3	119	
-2250	120000	2	59	3	6	2	3	121	
-2200	120000	2	59	3	6	7	3	130	
-2150	120000	2	59	3	6	7	3	137	
-2100	120000	2	59	3	6	7	3	144	
-2050	120000	2	59	3	6	7	3	151	
-2000	90000	2	54	2	6	6	3	157	
-1950	120000	2	59	2	6	7	3	164	
-1900	120000	2	59	2	6	7	3	171	
-1850	130000	3	74	5	8	7	3	178	
-1800	130000	3	74	5	8	7	3	185	
-1750	130000	3	74	5	8	7	3	192	
-1700	130000	3	74	5	8	7	4	199	
-1650	130000	3	71	5	8	7	4	206	
-1600	130000	3	71	5	8	7	4	213	
-1550	130000	3	71	5	8	7	4	220	
-1500	130000	3	71	5	8	7	4	227	
-1450	130000	3	68	5	9	7	4	234	
-1400	150000	3	69	4	11	7	4	241	
-1350	150000	3	69	4	11	7	4	248	
-1300	150000	3	69	4	11	6	4	254	
-1250	150000	3	69	4	11	6	4	260	
-1200	150000	3	69	4	11	6	4	266	
-1150	150000	3	69	4	11	6	4	272	
-1100	120000	3	66	4	11	5	4	278	
-1050	100000	3	66	4	11	5	3	284	
-1000	70000	2	57	3	10	4	2	289	
-975	70000	2	53	3	10	4	2	293	
-950	70000	2	53	3	10	4	2	297	
-925	40000	2	52	4	8	2	2	301	
-900	10000	1	37	2	5	-1	1	288	
-875	10000	1	37	2	5	-1	1	287	
-850	30000	1	37	1	8	-1	1	286	
-825	30000	1	37	1	8	-1	1	285	
-800	30000	1	37	1	8	-1	1	284	
-775	30000	1	37	1	8	-1	1	283	
-750	30000	1	37	1	8	-1	1	282	
-725	30000	1	37	1	8	-1	1	281	
-700	30000	1	37	1	7	-1	1	280	
-675	30000	1	37	1	7	-1	1	279	
-650	30000	1	37	1	6	-1	1	278	
-625	30000	1	37	1	6	-1	1	277	
-600	30000	1	37	1	6	-1	1	276	
-575	30000	1	37	1	6	-1	1	275	
-550	30000	1	37	1	7	-1	1	274	
-525	30000	1	36	1	6	-1	1	273	
-500	30000	1	36	1	6	-1	1	272	
-475	30000	1	36	1	6	-1	1	271	
-450	30000	1	36	1	7	-1	1	270	
-425	30000	1	36	1	7	-1	1	269	
-400	30000	1	36	1	6	-1	1	268	
-375	30000	1	36	1	6	-1	1	267	
-350	30000	1	36	1	6	-1	1	266	
-325	30000	1	35	1	7	-1	1	265	
-300	30000	1	35	1	6	-1	1	264	
-275	30000	1	35	1	6	-1	1	263	
-250	30000	1	35	1	6	-1	1	262	
-225	30000	1	35	1	7	-1	1	261	
-200	30000	1	35	1	7	-1	1	260	
-175	30000	1	35	1	6	-1	1	259	
-150	30000	1	35	1	6	-1	1	258	
-125	30000	1	36	1	6	-1	1	257	
-100	60000	1	33	0	9	-1	1	256	
-75	60000	1	33	0	8	-1	1	255	
-50	60000	1	33	0	8	-1	1	254	
-25	60000	1	33	0	8	-1	1	253	
1	60000	1	33	0	5	-1	1	252	
20	60000	1	33	0	5	-1	1	251	
40	60000	1	33	0	4	-1	1	250	
60	60000	1	33	0	4	-1	1	249	
80	60000	1	33	0	4	-1	1	248	
100	60000	1	32	0	4	-1	1	247	
120	60000	1	32	0	4	-1	1	246	
140	60000	1	32	0	4	-1	1	245	
160	60000	1	32	0	4	-1	1	244	
180	60000	1	29	0	3	-1	1	243	
200	60000	1	29	0	3	-1	1	242	
220	60000	1	29	0	3	-1	1	241	
240	60000	1	29	0	3	-1	1	240	
260	60000	1	29	0	3	-1	1	239	
280	60000	1	29	0	3	-1	1	238	
300	60000	1	28	0	4	-1	1	237	
320	60000	1	28	0	5	-1	1	236	
340	60000	1	28	0	6	-1	1	235	
360	60000	1	28	0	6	-1	1	234	
380	60000	1	27	0	7	-1	1	233	
400	60000	1	27	0	7	-1	1	232	
420	60000	1	27	0	7	-1	1	231	
440	60000	1	27	0	6	-1	1	230	
460	60000	1	26	0	6	-1	1	229	
480	60000	1	26	0	6	-1	1	228	
500	60000	1	26	0	6	-1	1	227	